Working run is 22712
# Sector Layer Component t0 dt0 extra1 extra2 chi2ndf
  1            11           1            180.5523     10.9775      0.0          0.0          2.01        
  1            11           2            182.5884     11.9540      0.0          0.0          2.79        
  1            11           3            181.6729     12.9162      0.0          0.0          2.02        
  1            11           4            178.9158     11.9008      0.0          0.0          1.88        
  1            11           5            180.6765     12.9712      0.0          0.0          2.07        
  1            11           6            180.6465     12.8425      0.0          0.0          1.73        
  1            11           7            176.8833     12.1903      0.0          0.0          1.84        
  1            11           8            171.6582     10.9304      0.0          0.0          2.73        
  1            11           9            233.4005     13.4862      0.0          0.0          1.56        
  1            11           10           226.4599     13.9507      0.0          0.0          1.80        
  1            11           11           179.4318     12.8656      0.0          0.0          1.96        
  1            11           12           176.8578     12.6624      0.0          0.0          2.08        
  1            11           13           183.4912     13.5997      0.0          0.0          1.64        
  1            11           14           171.1386     10.8958      0.0          0.0          2.40        
  1            11           15           211.0703     13.7568      0.0          0.0          2.08        
  1            11           16           204.7293     12.8155      0.0          0.0          2.04        
  1            11           17           176.5343     11.2293      0.0          0.0          2.16        
  1            11           18           173.0084     10.4535      0.0          0.0          1.82        
  1            11           19           173.8878     11.0513      0.0          0.0          1.79        
  1            11           20           184.3675     12.7893      0.0          0.0          1.75        
  1            11           21           182.8        0.0000       0.0          0.0          119.35      
  1            11           22           178.6946     11.2576      0.0          0.0          2.13        
  1            11           23           178.2898     11.3125      0.0          0.0          2.33        
  1            11           24           177.4184     10.8854      0.0          0.0          2.59        
  1            11           25           351.96941    12.5362      0.0          0.0          1.80        
  1            11           26           343.546696   13.2694      0.0          0.0          1.80        
  1            11           27           178.6544     11.5355      0.0          0.0          1.92        
  1            11           28           183.101      12.6257      0.0          0.0          1.64        
  1            11           29           180.837      13.1655      0.0          0.0          1.50        
  1            11           30           180.6438     10.9821      0.0          0.0          2.37        
  1            11           31           183.007      11.2519      0.0          0.0          2.07        
  1            11           32           181.1181     11.3974      0.0          0.0          2.14        
  1            11           33           184.3733     11.9039      0.0          0.0          2.09        
  1            11           34           184.0955     13.3842      0.0          0.0          1.88        
  1            11           35           365.170627   13.8393      0.0          0.0          1.61        
  1            11           36           366.360627   14.5976      0.0          0.0          1.54        
  1            11           37           187.9621     13.6320      0.0          0.0          1.88        
  1            11           38           183.0734     12.5601      0.0          0.0          2.10        
  1            11           39           191.2073     13.5781      0.0          0.0          1.67        
  1            11           40           178.7324     11.7030      0.0          0.0          2.08        
  1            11           41           193.3278     13.3529      0.0          0.0          1.89        
  1            11           42           187.1755     12.2039      0.0          0.0          1.98        
  1            11           43           176.9953     11.0195      0.0          0.0          2.07        
  1            11           44           177.0333     10.8371      0.0          0.0          2.31        
  1            11           45           176.2954     11.1442      0.0          0.0          2.03        
  1            11           46           346.71608    12.6715      0.0          0.0          2.46        
  1            11           47           326.452706   13.0645      0.0          0.0          2.13        
  1            21           1            185.3958     13.2865      0.0          0.0          1.72        
  1            21           2            185.3492     12.8108      0.0          0.0          1.88        
  1            21           3            188.2918     13.5052      0.0          0.0          1.69        
  1            21           4            185.4271     13.2146      0.0          0.0          2.01        
  1            21           5            184.6214     13.0520      0.0          0.0          2.39        
  1            21           6            185.0903     13.0508      0.0          0.0          1.70        
  1            21           7            182.6196     13.1469      0.0          0.0          1.73        
  1            21           8            182.6037     13.5572      0.0          0.0          1.69        
  1            21           9            182.4737     13.3110      0.0          0.0          1.69        
  1            21           10           184.3173     15.4334      0.0          0.0          1.55        
  1            21           11           209.9291     14.3858      0.0          0.0          2.30        
  1            21           12           222.857      14.6307      0.0          0.0          1.75        
  1            21           13           215.8191     13.8881      0.0          0.0          1.59        
  1            21           14           184.4288     13.5258      0.0          0.0          1.56        
  1            21           15           186.4116     15.8496      0.0          0.0          1.62        
  1            21           16           185.1049     13.3775      0.0          0.0          1.67        
  1            21           17           206.1532     15.3490      0.0          0.0          1.52        
  1            21           18           200.2266     14.9893      0.0          0.0          1.23        
  1            21           19           205.6349     15.6619      0.0          0.0          1.59        
  1            21           20           173.8004     10.5447      0.0          0.0          2.42        
  1            21           21           186.208      13.6717      0.0          0.0          1.88        
  1            21           22           185.3359     13.0271      0.0          0.0          2.22        
  1            21           23           190.5524     14.1579      0.0          0.0          1.80        
  1            21           24           189.605      14.2541      0.0          0.0          1.42        
  1            21           25           188.9497     13.7291      0.0          0.0          1.67        
  1            21           26           190.8142     14.3724      0.0          0.0          1.82        
  1            21           27           192.9258     16.1377      0.0          0.0          2.83        
  1            21           28           189.849      13.4777      0.0          0.0          1.85        
  1            21           29           359.549252   16.6429      0.0          0.0          1.46        
  1            21           30           355.8987     16.2947      0.0          0.0          1.66        
  1            21           31           358.731096   15.8960      0.0          0.0          1.88        
  1            21           32           186.0542     13.3574      0.0          0.0          1.91        
  1            21           33           185.9568     12.9100      0.0          0.0          1.74        
  1            21           34           186.2204     13.1822      0.0          0.0          1.88        
  1            21           35           193.7185     14.5557      0.0          0.0          1.80        
  1            21           36           194.2264     14.1849      0.0          0.0          1.87        
  1            21           37           189.3421     13.0460      0.0          0.0          2.10        
  1            21           38           184.4916     13.3429      0.0          0.0          1.58        
  1            21           39           189.7356     13.3687      0.0          0.0          1.95        
  1            21           40           189.8337     13.5320      0.0          0.0          1.55        
  1            21           41           191.1117     15.2290      0.0          0.0          1.52        
  1            21           42           280.9767     16.1808      0.0          0.0          1.84        
  1            21           43           267.8966     15.5109      0.0          0.0          1.72        
  1            21           44           273.0702     15.8547      0.0          0.0          1.64        
  1            21           45           189.9175     14.3241      0.0          0.0          1.48        
  1            21           46           193.5894     16.2535      0.0          0.0          1.49        
  1            21           47           190.4958     14.7028      0.0          0.0          1.39        
  1            21           48           195.3434     14.1830      0.0          0.0          1.40        
  1            21           49           192.4857     14.1923      0.0          0.0          1.50        
  1            21           50           192.6022     14.6458      0.0          0.0          1.47        
  1            21           51           188.1916     14.1272      0.0          0.0          1.68        
  1            21           52           188.6573     13.9913      0.0          0.0          1.71        
  1            21           53           187.6131     13.3287      0.0          0.0          2.02        
  1            21           54           270.1396     17.9835      0.0          0.0          1.27        
  1            21           55           321.879382   15.9177      0.0          0.0          1.32        
  1            21           56           336.05215    16.7639      0.0          0.0          1.54        
  1            22           1            187.8696     15.0737      0.0          0.0          1.53        
  1            22           2            185.4335     13.1373      0.0          0.0          1.58        
  1            22           3            187.9268     15.1635      0.0          0.0          1.70        
  1            22           4            186.9892     14.8274      0.0          0.0          1.72        
  1            22           5            183.4364     14.4397      0.0          0.0          1.68        
  1            22           6            186.3146     14.9731      0.0          0.0          1.57        
  1            22           7            187.145      14.3034      0.0          0.0          1.93        
  1            22           8            186.8879     15.8327      0.0          0.0          1.48        
  1            22           9            186.5403     15.5696      0.0          0.0          1.38        
  1            22           10           203.7142     16.4610      0.0          0.0          1.63        
  1            22           11           205.7835     16.2091      0.0          0.0          1.73        
  1            22           12           195.2154     16.3974      0.0          0.0          1.48        
  1            22           13           189.2071     15.3950      0.0          0.0          1.86        
  1            22           14           187.0834     15.7854      0.0          0.0          1.76        
  1            22           15           188.5803     15.7418      0.0          0.0          1.72        
  1            22           16           196.9734     16.4098      0.0          0.0          1.31        
  1            22           17           197.4716     16.5414      0.0          0.0          1.66        
  1            22           18           197.8187     16.8388      0.0          0.0          1.58        
  1            22           19           196.4915     16.4012      0.0          0.0          1.46        
  1            22           20           186.8044     13.5264      0.0          0.0          2.04        
  1            22           21           187.4701     16.0090      0.0          0.0          1.81        
  1            22           22           188.7059     15.1898      0.0          0.0          1.82        
  1            22           23           191.8398     16.1365      0.0          0.0          1.31        
  1            22           24           190.613      15.7774      0.0          0.0          1.41        
  1            22           25           192.2015     16.5183      0.0          0.0          1.47        
  1            22           26           192.5712     16.0056      0.0          0.0          1.55        
  1            22           27           190.9285     15.5416      0.0          0.0          1.79        
  1            22           28           190.4386     15.2916      0.0          0.0          1.69        
  1            22           29           329.041643   18.4122      0.0          0.0          1.48        
  1            22           30           332.500707   0.0000       0.0          0.0          0.00        
  1            22           31           302.930712   17.0407      0.0          0.0          1.48        
  1            22           32           186.6936     14.9306      0.0          0.0          2.01        
  1            22           33           186.5349     15.4282      0.0          0.0          1.67        
  1            22           34           185.906      14.6731      0.0          0.0          1.68        
  1            22           35           192.7654     16.1825      0.0          0.0          1.53        
  1            22           36           193.6757     15.7100      0.0          0.0          1.63        
  1            22           37           193.2081     15.4106      0.0          0.0          1.66        
  1            22           38           246.659934   13.2071      0.0          0.0          1.87        
  1            22           39           190.7128     15.3628      0.0          0.0          1.60        
  1            22           40           195.4672     17.1065      0.0          0.0          4.62        
  1            22           41           243.9449     16.7871      0.0          0.0          1.51        
  1            22           42           261.6119     17.3036      0.0          0.0          1.37        
  1            22           43           221.7896     17.1704      0.0          0.0          1.62        
  1            22           44           229.6776     16.6151      0.0          0.0          1.52        
  1            22           45           194.9078     15.1748      0.0          0.0          1.90        
  1            22           46           190.0761     14.2697      0.0          0.0          1.84        
  1            22           47           191.3853     16.0692      0.0          0.0          1.50        
  1            22           48           191.7841     16.1693      0.0          0.0          1.40        
  1            22           49           193.7471     16.3721      0.0          0.0          1.34        
  1            22           50           190.762      16.0248      0.0          0.0          1.50        
  1            22           51           188.4153     15.4914      0.0          0.0          1.56        
  1            22           52           189.0518     15.6716      0.0          0.0          1.70        
  1            22           53           190.5989     14.8699      0.0          0.0          1.84        
  1            22           54           225.925      16.9956      0.0          0.0          1.35        
  1            22           55           238.4597     17.2372      0.0          0.0          1.40        
  1            22           56           218.1096     16.2100      0.0          0.0          1.47        
  1            31           1            190.3402     15.4863      0.0          0.0          1.51        
  1            31           2            192.6381     16.9039      0.0          0.0          3.46        
  1            31           3            191.1538     15.6911      0.0          0.0          1.41        
  1            31           4            186.1141     14.8880      0.0          0.0          1.46        
  1            31           5            188.9796     15.6139      0.0          0.0          1.58        
  1            31           6            189.6467     16.0146      0.0          0.0          1.49        
  1            31           7            216.8571     17.5693      0.0          0.0          1.98        
  1            31           8            190.3472     15.8538      0.0          0.0          1.74        
  1            31           9            213.1        18.8819      0.0          0.0          1.81        
  1            31           10           190.0932     15.2156      0.0          0.0          1.58        
  1            31           11           189.839      15.1007      0.0          0.0          1.66        
  1            31           12           188.511      14.8424      0.0          0.0          1.63        
  1            31           13           192.8894     17.0354      0.0          0.0          1.73        
  1            31           14           195.4751     15.5930      0.0          0.0          1.54        
  1            31           15           189.3331     15.6097      0.0          0.0          1.33        
  1            31           16           196.0554     17.0299      0.0          0.0          1.46        
  1            31           17           191.9291     15.6984      0.0          0.0          1.86        
  1            31           18           189.7255     14.9416      0.0          0.0          1.71        
  1            31           19           192.9111     17.4318      0.0          0.0          1.98        
  1            31           20           186.6074     14.4388      0.0          0.0          1.87        
  1            31           21           187.7345     14.5411      0.0          0.0          2.01        
  1            31           22           187.6519     14.7740      0.0          0.0          2.17        
  1            31           23           192.4052     17.0660      0.0          0.0          1.65        
  1            31           24           191.6666     14.9387      0.0          0.0          1.90        
  1            31           25           188.1037     14.3676      0.0          0.0          2.02        
  1            31           26           188.9419     15.2068      0.0          0.0          1.61        
  1            31           27           188.6304     14.4764      0.0          0.0          1.87        
  1            31           28           186.5148     14.5678      0.0          0.0          1.77        
  1            31           29           187.1656     14.8237      0.0          0.0          1.42        
  1            31           30           193.3907     15.5241      0.0          0.0          1.75        
  1            31           31           192.299      15.1934      0.0          0.0          1.73        
  1            31           32           193.8173     15.6449      0.0          0.0          1.93        
  1            31           33           194.6116     15.1665      0.0          0.0          1.77        
  1            31           34           192.8671     15.1080      0.0          0.0          2.00        
  1            31           35           193.5792     15.2249      0.0          0.0          1.42        
  1            31           36           193.2687     15.7851      0.0          0.0          1.78        
  1            31           37           192.4294     15.6430      0.0          0.0          1.44        
  1            31           38           237.434      18.4027      0.0          0.0          1.55        
  1            31           39           197.2889     16.5249      0.0          0.0          1.80        
  1            31           40           225.5668     16.3307      0.0          0.0          1.64        
  1            31           41           198.616      16.9200      0.0          0.0          1.35        
  1            31           42           192.1358     17.3520      0.0          0.0          1.45        
  1            31           43           193.7145     16.7624      0.0          0.0          1.48        
  1            31           44           190.6596     16.3888      0.0          0.0          1.76        
  1            31           45           190.2954     15.3088      0.0          0.0          1.75        
  1            31           46           193.1023     15.7285      0.0          0.0          1.55        
  1            31           47           194.8606     15.5523      0.0          0.0          1.64        
  1            31           48           194.9063     16.2641      0.0          0.0          1.66        
  1            31           49           195.183      15.9657      0.0          0.0          1.40        
  1            31           50           192.4253     15.5356      0.0          0.0          1.56        
  1            31           51           196.4131     16.6168      0.0          0.0          1.26        
  1            31           52           194.1849     16.0886      0.0          0.0          1.89        
  1            31           53           196.8794     18.1999      0.0          0.0          1.37        
  1            31           54           193.71       16.6383      0.0          0.0          1.53        
  1            31           55           196.4489     18.0921      0.0          0.0          1.52        
  1            31           56           214.1923     17.9053      0.0          0.0          1.65        
  1            31           57           195.0745     16.2673      0.0          0.0          1.83        
  1            31           58           195.396      15.6555      0.0          0.0          1.74        
  1            31           59           195.4706     17.4541      0.0          0.0          1.81        
  1            31           60           191.7875     16.1501      0.0          0.0          1.42        
  1            31           61           193.7022     15.1625      0.0          0.0          1.82        
  1            31           62           193.1809     15.5437      0.0          0.0          2.02        
  1            31           63           186.9451     14.8192      0.0          0.0          2.04        
  1            31           64           190.4103     14.7744      0.0          0.0          1.89        
  1            31           65           189.3143     14.7345      0.0          0.0          2.22        
  1            31           66           191.1145     14.9501      0.0          0.0          1.87        
  1            31           67           190.4784     14.8294      0.0          0.0          1.74        
  1            31           68           190.8646     15.7403      0.0          0.0          1.66        
  1            31           69           192.2875     15.8810      0.0          0.0          1.40        
  1            31           70           211.3953     16.7679      0.0          0.0          1.77        
  1            31           71           188.6287     15.3673      0.0          0.0          1.68        
  1            31           72           204.9068     16.2363      0.0          0.0          1.53        
  1            32           1            192.4209     17.2785      0.0          0.0          1.32        
  1            32           2            194.8759     18.2546      0.0          0.0          1.36        
  1            32           3            191.3048     15.3593      0.0          0.0          1.79        
  1            32           4            193.9738     17.9797      0.0          0.0          1.69        
  1            32           5            210.5296     19.4719      0.0          0.0          1.59        
  1            32           6            206.2587     19.6558      0.0          0.0          1.29        
  1            32           7            210.0774     20.5203      0.0          0.0          1.51        
  1            32           8            204.0559     19.6876      0.0          0.0          1.32        
  1            32           9            193.9639     16.8975      0.0          0.0          1.96        
  1            32           10           192.7263     16.9626      0.0          0.0          1.82        
  1            32           11           191.2702     16.4662      0.0          0.0          1.72        
  1            32           12           192.8268     18.3326      0.0          0.0          1.61        
  1            32           13           192.8268     0.0000       0.0          0.0          0.00        
  1            32           14           191.0298     17.2996      0.0          0.0          1.26        
  1            32           15           194.1328     17.5418      0.0          0.0          1.60        
  1            32           16           194.4612     18.4757      0.0          0.0          1.45        
  1            32           17           192.3727     17.3426      0.0          0.0          1.88        
  1            32           18           194.5719     18.3212      0.0          0.0          1.83        
  1            32           19           190.0174     16.7205      0.0          0.0          1.73        
  1            32           20           190.7926     16.2556      0.0          0.0          1.92        
  1            32           21           191.9209     17.5330      0.0          0.0          2.23        
  1            32           22           190.3753     17.7562      0.0          0.0          1.59        
  1            32           23           191.5539     16.8266      0.0          0.0          1.83        
  1            32           24           191.4658     16.6897      0.0          0.0          1.80        
  1            32           25           188.311      14.5746      0.0          0.0          1.70        
  1            32           26           192.1155     16.3797      0.0          0.0          1.68        
  1            32           27           189.3794     16.3828      0.0          0.0          1.72        
  1            32           28           191.5457     16.8957      0.0          0.0          1.41        
  1            32           29           196.4613     17.3488      0.0          0.0          1.93        
  1            32           30           196.0762     17.1280      0.0          0.0          1.87        
  1            32           31           196.1699     17.2268      0.0          0.0          1.75        
  1            32           32           197.2229     17.8877      0.0          0.0          1.65        
  1            32           33           194.1377     16.4072      0.0          0.0          1.80        
  1            32           34           194.5892     16.9871      0.0          0.0          1.34        
  1            32           35           197.7011     17.8936      0.0          0.0          1.68        
  1            32           36           195.405      17.8413      0.0          0.0          1.56        
  1            32           37           197.9857     17.9604      0.0          0.0          1.59        
  1            32           38           197.2913     16.8957      0.0          0.0          1.74        
  1            32           39           198.754      18.4367      0.0          0.0          1.41        
  1            32           40           195.6571     17.9609      0.0          0.0          1.49        
  1            32           41           190.1135     15.4952      0.0          0.0          1.45        
  1            32           42           195.1382     18.0176      0.0          0.0          1.50        
  1            32           43           193.2506     17.9606      0.0          0.0          1.63        
  1            32           44           193.306      17.2853      0.0          0.0          1.38        
  1            32           45           195.2104     15.4634      0.0          0.0          1.49        
  1            32           46           197.2314     17.3147      0.0          0.0          1.76        
  1            32           47           198.4601     17.7716      0.0          0.0          1.36        
  1            32           48           197.6713     18.0509      0.0          0.0          1.44        
  1            32           49           196.2392     17.2996      0.0          0.0          1.52        
  1            32           50           196.7743     17.9519      0.0          0.0          1.39        
  1            32           51           197.6196     18.1542      0.0          0.0          1.67        
  1            32           52           196.0342     19.7526      0.0          0.0          1.86        
  1            32           53           198.5603     18.7284      0.0          0.0          1.34        
  1            32           54           194.7136     18.0144      0.0          0.0          1.84        
  1            32           55           196.9359     19.0928      0.0          0.0          1.48        
  1            32           56           196.8712     18.3928      0.0          0.0          1.53        
  1            32           57           197.3663     17.9678      0.0          0.0          1.70        
  1            32           58           197.5117     18.5917      0.0          0.0          1.38        
  1            32           59           194.2339     15.3240      0.0          0.0          1.73        
  1            32           60           196.6323     17.8456      0.0          0.0          1.78        
  1            32           61           191.4825     17.0823      0.0          0.0          1.87        
  1            32           62           192.8972     16.8429      0.0          0.0          1.57        
  1            32           63           191.783      16.6930      0.0          0.0          1.87        
  1            32           64           193.3729     16.9519      0.0          0.0          1.65        
  1            32           65           192.7923     16.6311      0.0          0.0          1.69        
  1            32           66           194.4297     17.1985      0.0          0.0          1.61        
  1            32           67           193.2491     17.0425      0.0          0.0          1.40        
  1            32           68           193.808      16.9318      0.0          0.0          1.81        
  1            32           69           190.3861     16.3797      0.0          0.0          1.69        
  1            32           70           192.83       17.1722      0.0          0.0          1.53        
  1            32           71           191.7234     17.3062      0.0          0.0          1.76        
  1            32           72           193.9074     17.3892      0.0          0.0          1.59        
  1            41           1            195.0274     17.7152      0.0          0.0          1.68        
  1            41           2            195.6652     17.7056      0.0          0.0          1.81        
  1            41           3            193.7482     17.4971      0.0          0.0          1.66        
  1            41           4            194.4378     19.2454      0.0          0.0          1.47        
  1            41           5            196.0369     18.1458      0.0          0.0          1.50        
  1            41           6            197.0627     18.7176      0.0          0.0          1.58        
  1            41           7            197.4754     18.3392      0.0          0.0          1.51        
  1            41           8            195.8492     18.2146      0.0          0.0          1.59        
  1            41           9            193.1479     17.7880      0.0          0.0          1.59        
  1            41           10           197.6526     17.6947      0.0          0.0          1.43        
  1            41           11           193.2635     17.7771      0.0          0.0          1.52        
  1            41           12           194.6622     17.6995      0.0          0.0          1.58        
  1            41           13           194.2791     17.9107      0.0          0.0          1.47        
  1            41           14           192.2166     17.6565      0.0          0.0          1.75        
  1            41           15           193.9132     19.0913      0.0          0.0          1.53        
  1            41           16           192.2233     18.2019      0.0          0.0          1.47        
  1            41           17           192.0791     17.9798      0.0          0.0          1.74        
  1            41           18           193.2204     17.7202      0.0          0.0          1.59        
  1            41           19           192.4768     18.0882      0.0          0.0          1.53        
  1            41           20           191.5419     17.8520      0.0          0.0          1.42        
  1            41           21           192.1344     18.4320      0.0          0.0          1.80        
  1            41           22           193.3744     18.2529      0.0          0.0          1.75        
  1            41           23           193.2307     19.6838      0.0          0.0          1.58        
  1            41           24           192.1236     18.1419      0.0          0.0          1.53        
  1            41           25           191.2829     17.5636      0.0          0.0          1.72        
  1            41           26           190.6312     17.7593      0.0          0.0          1.58        
  1            41           27           193.4988     18.2428      0.0          0.0          1.95        
  1            41           28           195.0703     19.5252      0.0          0.0          1.42        
  1            41           29           195.1841     18.1483      0.0          0.0          1.50        
  1            41           30           192.5632     17.5363      0.0          0.0          1.59        
  1            41           31           191.7687     16.7295      0.0          0.0          1.75        
  1            41           32           195.068      17.7492      0.0          0.0          1.91        
  1            41           33           192.7609     17.1177      0.0          0.0          1.86        
  1            41           34           191.2422     17.4567      0.0          0.0          1.88        
  1            41           35           191.6488     17.2324      0.0          0.0          2.06        
  1            41           36           195.8568     18.9440      0.0          0.0          1.55        
  1            41           37           197.9736     19.2024      0.0          0.0          1.65        
  1            41           38           197.9522     19.1427      0.0          0.0          1.52        
  1            41           39           199.3102     18.9738      0.0          0.0          1.56        
  1            41           40           197.7487     18.5127      0.0          0.0          1.84        
  1            41           41           196.3459     18.5933      0.0          0.0          1.71        
  1            41           42           194.9825     17.7490      0.0          0.0          2.08        
  1            41           43           195.1275     17.7828      0.0          0.0          1.93        
  1            41           44           195.3915     18.0693      0.0          0.0          1.78        
  1            41           45           194.4652     18.0750      0.0          0.0          1.83        
  1            41           46           191.986      17.5947      0.0          0.0          2.26        
  1            41           47           194.7464     18.9778      0.0          0.0          1.59        
  1            41           48           193.5562     17.6128      0.0          0.0          2.00        
  1            41           49           192.4766     17.4822      0.0          0.0          1.82        
  1            41           50           194.1623     17.6311      0.0          0.0          1.89        
  1            41           51           194.4837     17.9213      0.0          0.0          1.48        
  1            41           52           193.7246     18.7954      0.0          0.0          1.48        
  1            41           53           193.4267     18.2485      0.0          0.0          1.53        
  1            41           54           194.9711     18.4362      0.0          0.0          1.44        
  1            41           55           198.3053     17.9813      0.0          0.0          1.68        
  1            41           56           200.147      18.9672      0.0          0.0          1.58        
  1            41           57           203.3582     18.8838      0.0          0.0          1.69        
  1            41           58           200.0877     18.8050      0.0          0.0          1.86        
  1            41           59           199.1734     19.3058      0.0          0.0          1.56        
  1            41           60           197.5273     19.0707      0.0          0.0          1.49        
  1            41           61           197.1342     18.1308      0.0          0.0          1.40        
  1            41           62           197.1342     0.0000       0.0          0.0          0.00        
  1            41           63           197.4411     18.6340      0.0          0.0          1.50        
  1            41           64           196.2463     19.4042      0.0          0.0          1.48        
  1            41           65           196.1923     18.2996      0.0          0.0          1.67        
  1            41           66           198.2293     17.5739      0.0          0.0          1.59        
  1            41           67           199.2362     20.2530      0.0          0.0          1.41        
  1            41           68           198.2423     18.5469      0.0          0.0          1.44        
  1            41           69           195.4742     18.6875      0.0          0.0          1.68        
  1            41           70           197.92       18.4373      0.0          0.0          1.39        
  1            41           71           197.8593     19.0095      0.0          0.0          1.39        
  1            41           72           195.6096     17.0177      0.0          0.0          1.61        
  1            41           73           197.4166     18.2455      0.0          0.0          1.79        
  1            41           74           193.7223     18.1015      0.0          0.0          1.46        
  1            41           75           194.2779     18.3298      0.0          0.0          1.45        
  1            41           76           193.4512     17.2397      0.0          0.0          1.65        
  1            41           77           194.382      17.4918      0.0          0.0          1.47        
  1            41           78           194.2681     18.0904      0.0          0.0          1.60        
  1            41           79           193.9323     17.2874      0.0          0.0          1.85        
  1            41           80           202.0578     21.8840      0.0          0.0          2.86        
  1            41           81           194.4568     18.1796      0.0          0.0          1.76        
  1            41           82           194.0509     17.6330      0.0          0.0          1.75        
  1            41           83           193.1324     17.8367      0.0          0.0          1.46        
  1            41           84           194.9002     17.6258      0.0          0.0          1.60        
  1            41           85           195.5337     17.6744      0.0          0.0          1.59        
  1            41           86           194.7274     17.5999      0.0          0.0          1.70        
  1            41           87           196.2605     18.1657      0.0          0.0          1.98        
  1            42           1            194.7539     19.5929      0.0          0.0          1.61        
  1            42           2            193.7331     19.3095      0.0          0.0          1.54        
  1            42           3            193.4296     17.8671      0.0          0.0          1.59        
  1            42           4            194.5831     19.4011      0.0          0.0          1.34        
  1            42           5            194.306      19.6753      0.0          0.0          1.34        
  1            42           6            194.1785     18.9668      0.0          0.0          1.48        
  1            42           7            194.3292     20.0136      0.0          0.0          1.64        
  1            42           8            192.0934     18.8698      0.0          0.0          1.30        
  1            42           9            193.8128     19.8309      0.0          0.0          1.50        
  1            42           10           192.0678     19.1568      0.0          0.0          1.37        
  1            42           11           193.0572     17.8116      0.0          0.0          1.58        
  1            42           12           192.2741     19.3884      0.0          0.0          1.31        
  1            42           13           194.4157     20.4580      0.0          0.0          1.31        
  1            42           14           193.4341     19.5649      0.0          0.0          1.50        
  1            42           15           191.0308     20.1771      0.0          0.0          1.92        
  1            42           16           192.6217     17.4161      0.0          0.0          1.57        
  1            42           17           194.9517     19.7430      0.0          0.0          1.60        
  1            42           18           190.8907     18.7770      0.0          0.0          1.51        
  1            42           19           193.2436     19.0882      0.0          0.0          1.58        
  1            42           20           193.0052     18.5993      0.0          0.0          1.57        
  1            42           21           191.6132     19.3232      0.0          0.0          1.23        
  1            42           22           191.3161     19.5049      0.0          0.0          1.34        
  1            42           23           193.1423     19.8064      0.0          0.0          1.47        
  1            42           24           192.0459     19.2774      0.0          0.0          1.55        
  1            42           25           195.5418     20.3810      0.0          0.0          1.47        
  1            42           26           193.2217     20.3680      0.0          0.0          1.62        
  1            42           27           194.6651     20.4905      0.0          0.0          1.44        
  1            42           28           193.8204     19.8405      0.0          0.0          1.49        
  1            42           29           192.6723     18.9359      0.0          0.0          1.50        
  1            42           30           192.3992     17.8666      0.0          0.0          1.78        
  1            42           31           192.3681     18.7316      0.0          0.0          1.45        
  1            42           32           192.8618     18.9519      0.0          0.0          1.36        
  1            42           33           193.3095     18.8984      0.0          0.0          1.77        
  1            42           34           193.769      19.6361      0.0          0.0          1.57        
  1            42           35           203.5418     24.8884      0.0          0.0          4.17        
  1            42           36           200.8903     21.0253      0.0          0.0          1.43        
  1            42           37           198.8526     21.1950      0.0          0.0          1.33        
  1            42           38           199.9594     20.8298      0.0          0.0          1.67        
  1            42           39           198.3039     19.9830      0.0          0.0          1.42        
  1            42           40           195.0377     18.0873      0.0          0.0          1.76        
  1            42           41           195.6223     19.6461      0.0          0.0          1.51        
  1            42           42           195.4792     20.0568      0.0          0.0          1.46        
  1            42           43           196.6808     20.1602      0.0          0.0          1.58        
  1            42           44           195.2681     19.8534      0.0          0.0          1.38        
  1            42           45           195.4993     19.8778      0.0          0.0          1.33        
  1            42           46           194.7508     19.3205      0.0          0.0          1.49        
  1            42           47           195.237      19.6139      0.0          0.0          1.49        
  1            42           48           192.7212     19.8629      0.0          0.0          1.68        
  1            42           49           193.8987     19.5471      0.0          0.0          1.46        
  1            42           50           192.6431     19.3516      0.0          0.0          1.49        
  1            42           51           193.2242     22.3299      0.0          0.0          1.58        
  1            42           52           192.5028     19.0962      0.0          0.0          1.50        
  1            42           53           194.2322     20.0748      0.0          0.0          1.39        
  1            42           54           193.2212     20.1697      0.0          0.0          1.49        
  1            42           55           200.6312     18.3336      0.0          0.0          1.61        
  1            42           56           202.231      20.3195      0.0          0.0          1.37        
  1            42           57           199.4014     19.4939      0.0          0.0          1.53        
  1            42           58           200.7871     20.2624      0.0          0.0          1.42        
  1            42           59           202.3153     19.7181      0.0          0.0          1.51        
  1            42           60           195.8473     19.5647      0.0          0.0          1.51        
  1            42           61           196.5163     19.1684      0.0          0.0          1.47        
  1            42           62           196.184      19.9554      0.0          0.0          1.44        
  1            42           63           198.3652     20.3883      0.0          0.0          1.38        
  1            42           64           198.0004     20.3358      0.0          0.0          1.36        
  1            42           65           198.517      21.8763      0.0          0.0          1.45        
  1            42           66           197.873      19.5796      0.0          0.0          1.26        
  1            42           67           197.9082     20.7025      0.0          0.0          1.26        
  1            42           68           197.0556     19.8039      0.0          0.0          1.45        
  1            42           69           198.1431     20.8419      0.0          0.0          1.39        
  1            42           70           194.7075     19.7720      0.0          0.0          1.49        
  1            42           71           197.8503     18.9588      0.0          0.0          1.64        
  1            42           72           198.4969     20.3379      0.0          0.0          1.15        
  1            42           73           196.8093     19.9120      0.0          0.0          1.28        
  1            42           74           196.8687     20.6113      0.0          0.0          1.23        
  1            42           75           197.9188     20.4821      0.0          0.0          1.30        
  1            42           76           195.1662     20.2689      0.0          0.0          1.36        
  1            42           77           195.465      20.2930      0.0          0.0          1.41        
  1            42           78           194.5228     19.0230      0.0          0.0          1.41        
  1            42           79           194.8589     20.4238      0.0          0.0          1.36        
  1            42           80           196.6974     19.1608      0.0          0.0          1.35        
  1            42           81           193.562      19.2214      0.0          0.0          1.59        
  1            42           82           193.918      19.4789      0.0          0.0          1.30        
  1            42           83           195.2567     19.6717      0.0          0.0          1.27        
  1            42           84           193.315      19.4904      0.0          0.0          1.63        
  1            42           85           193.9976     19.8147      0.0          0.0          1.33        
  1            42           86           194.7712     19.2422      0.0          0.0          1.48        
  1            42           87           194.2718     19.9242      0.0          0.0          1.76        
  1            51           1            192.387      21.5301      0.0          0.0          1.12        
  1            51           2            192.3292     21.5507      0.0          0.0          1.60        
  1            51           3            192.5827     21.4827      0.0          0.0          1.72        
  1            51           4            190.1448     20.5369      0.0          0.0          1.64        
  1            51           5            193.2014     19.9384      0.0          0.0          1.26        
  1            51           6            191.608      21.2366      0.0          0.0          1.72        
  1            51           7            190.6649     20.0645      0.0          0.0          1.62        
  1            51           8            193.4038     20.8126      0.0          0.0          1.42        
  1            51           9            193.1442     20.6589      0.0          0.0          1.43        
  1            51           10           192.636      20.5837      0.0          0.0          1.45        
  1            51           11           190.8513     20.8179      0.0          0.0          1.52        
  1            51           12           191.2523     20.7261      0.0          0.0          1.71        
  1            51           13           191.6135     20.5146      0.0          0.0          1.57        
  1            51           14           189.4197     20.6657      0.0          0.0          1.79        
  1            51           15           187.9973     19.7215      0.0          0.0          1.62        
  1            51           16           187.5854     20.0203      0.0          0.0          1.68        
  1            51           17           190.2074     20.0307      0.0          0.0          1.81        
  1            51           18           189.5222     20.5758      0.0          0.0          1.67        
  1            51           19           193.5668     18.7148      0.0          0.0          1.73        
  1            51           20           193.9011     21.8981      0.0          0.0          1.44        
  1            51           21           192.2981     20.7950      0.0          0.0          1.64        
  1            51           22           189.2803     21.4817      0.0          0.0          1.54        
  1            51           23           189.0895     20.9558      0.0          0.0          1.46        
  1            51           24           191.1574     21.7737      0.0          0.0          1.48        
  1            51           25           191.9145     20.9843      0.0          0.0          1.82        
  1            51           26           187.9872     19.8065      0.0          0.0          1.86        
  1            51           27           189.7429     19.9551      0.0          0.0          1.71        
  1            51           28           187.0231     19.2864      0.0          0.0          1.57        
  1            51           29           189.1947     21.0044      0.0          0.0          1.76        
  1            51           30           193.0627     21.1206      0.0          0.0          1.66        
  1            51           31           191.5745     19.6087      0.0          0.0          1.51        
  1            51           32           191.2921     20.0748      0.0          0.0          1.74        
  1            51           33           188.9535     19.3097      0.0          0.0          1.62        
  1            51           34           190.5422     19.9738      0.0          0.0          1.77        
  1            51           35           189.6392     19.7663      0.0          0.0          1.79        
  1            51           36           189.7867     20.0365      0.0          0.0          1.55        
  1            51           37           190.1802     20.4125      0.0          0.0          1.34        
  1            51           38           191.3407     21.6034      0.0          0.0          1.43        
  1            51           39           188.7799     20.3626      0.0          0.0          1.62        
  1            51           40           198.6752     21.0340      0.0          0.0          1.83        
  1            51           41           198.4565     20.4680      0.0          0.0          1.56        
  1            51           42           199.2427     21.4265      0.0          0.0          1.54        
  1            51           43           197.3093     20.8351      0.0          0.0          1.58        
  1            51           44           198.8732     21.6537      0.0          0.0          1.40        
  1            51           45           198.4734     22.3841      0.0          0.0          1.48        
  1            51           46           195.7263     19.8375      0.0          0.0          1.54        
  1            51           47           192.2904     20.8173      0.0          0.0          1.63        
  1            51           48           192.3122     20.7950      0.0          0.0          1.50        
  1            51           49           195.8458     20.7156      0.0          0.0          1.45        
  1            51           50           193.503      20.9863      0.0          0.0          1.78        
  1            51           51           192.2896     21.5025      0.0          0.0          1.51        
  1            51           52           192.7849     20.7584      0.0          0.0          1.52        
  1            51           53           192.2967     20.6411      0.0          0.0          1.50        
  1            51           54           193.5653     20.9628      0.0          0.0          1.55        
  1            51           55           194.8156     22.2867      0.0          0.0          1.47        
  1            51           56           193.3861     22.3558      0.0          0.0          1.26        
  1            51           57           192.5883     21.5377      0.0          0.0          1.61        
  1            51           58           192.1556     22.7355      0.0          0.0          1.55        
  1            51           59           189.5298     21.1507      0.0          0.0          1.52        
  1            51           60           191.1967     20.1771      0.0          0.0          1.64        
  1            51           61           190.5975     20.3645      0.0          0.0          1.83        
  1            51           62           188.0815     19.6787      0.0          0.0          1.87        
  1            51           63           201.6964     20.1615      0.0          0.0          1.41        
  1            51           64           202.247      21.7350      0.0          0.0          1.64        
  1            51           65           201.3346     21.0930      0.0          0.0          1.53        
  1            51           66           201.3799     22.8965      0.0          0.0          1.29        
  1            51           67           203.6791     23.7833      0.0          0.0          1.45        
  1            51           68           200.8        0.0000       0.0          0.0          40.42       
  1            51           69           194.8096     22.1014      0.0          0.0          1.41        
  1            51           70           195.0596     22.8904      0.0          0.0          1.41        
  1            51           71           194.7374     22.0696      0.0          0.0          1.49        
  1            51           72           193.0732     20.2440      0.0          0.0          1.52        
  1            51           73           191.6347     21.2326      0.0          0.0          1.58        
  1            51           74           196.6161     21.2344      0.0          0.0          1.55        
  1            51           75           196.3647     20.6891      0.0          0.0          1.43        
  1            51           76           196.7134     21.8504      0.0          0.0          1.59        
  1            51           77           194.6332     20.7850      0.0          0.0          1.59        
  1            51           78           195.9849     21.3816      0.0          0.0          1.46        
  1            51           79           192.642      20.7842      0.0          0.0          1.74        
  1            51           80           192.4016     20.5380      0.0          0.0          1.55        
  1            51           81           196.0546     20.6422      0.0          0.0          1.70        
  1            51           82           193.028      20.2981      0.0          0.0          1.85        
  1            51           83           194.3993     21.0040      0.0          0.0          1.52        
  1            51           84           194.9964     20.3486      0.0          0.0          1.57        
  1            51           85           195.8351     19.8726      0.0          0.0          1.63        
  1            51           86           193.7797     20.1211      0.0          0.0          1.52        
  1            51           87           192.0191     19.6798      0.0          0.0          1.66        
  1            51           88           192.8423     19.9456      0.0          0.0          1.61        
  1            51           89           193.6839     20.6273      0.0          0.0          1.53        
  1            51           90           191.2254     20.1096      0.0          0.0          1.63        
  1            51           91           191.0281     21.7881      0.0          0.0          1.56        
  1            51           92           192.5071     20.8226      0.0          0.0          1.65        
  1            51           93           192.2642     21.1020      0.0          0.0          1.37        
  1            51           94           192.9016     21.8103      0.0          0.0          1.51        
  1            51           95           195.0754     21.3199      0.0          0.0          1.41        
  1            51           96           194.1769     20.7593      0.0          0.0          1.21        
  1            51           97           192.179      21.2505      0.0          0.0          1.23        
  1            51           98           193.5087     21.8201      0.0          0.0          1.27        
  1            51           99           193.2203     22.1631      0.0          0.0          1.37        
