#meta full request: /calibration/alert/ahdc/time_offsets:21417:default:2025-04-11_12-22-13
#meta variation: default
#meta created: 2025-04-11 12:22:13
#meta run range: 21417 - inf.
#meta author: mpaolone

# Sector Layer Component t0 dt0 extra1 extra2 chi2ndf

#& sector layer component t0 dt0 extra1 extra2 chi2ndf
1 11 1 210.5523 10.9775 0.0 0.0 2.01
1 11 2 212.5884 11.9540 0.0 0.0 2.79
1 11 3 211.6729 12.9162 0.0 0.0 2.02
1 11 4 208.9158 11.9008 0.0 0.0 1.88
1 11 5 210.6765 12.9712 0.0 0.0 2.07
1 11 6 210.6465 12.8425 0.0 0.0 1.73
1 11 7 206.8833 12.1903 0.0 0.0 1.84
1 11 8 201.6582 10.9304 0.0 0.0 2.73
1 11 9 263.4005 13.4862 0.0 0.0 1.56
1 11 10 256.4599 13.9507 0.0 0.0 1.80
1 11 11 209.4318 12.8656 0.0 0.0 1.96
1 11 12 206.8578 12.6624 0.0 0.0 2.08
1 11 13 213.4912 13.5997 0.0 0.0 1.64
1 11 14 201.1386 10.8958 0.0 0.0 2.40
1 11 15 241.0703 13.7568 0.0 0.0 2.08
1 11 16 234.7293 12.8155 0.0 0.0 2.04
1 11 17 206.5343 11.2293 0.0 0.0 2.16
1 11 18 203.0084 10.4535 0.0 0.0 1.82
1 11 19 203.8878 11.0513 0.0 0.0 1.79
1 11 20 214.3675 12.7893 0.0 0.0 1.75
1 11 21 212.8 0.0000 0.0 0.0 119.35
1 11 22 208.6946 11.2576 0.0 0.0 2.13
1 11 23 208.2898 11.3125 0.0 0.0 2.33
1 11 24 207.4184 10.8854 0.0 0.0 2.59
1 11 25 299.6956 12.5362 0.0 0.0 1.80
1 11 26 298.688 13.2694 0.0 0.0 1.80
1 11 27 208.6544 11.5355 0.0 0.0 1.92
1 11 28 213.101 12.6257 0.0 0.0 1.64
1 11 29 210.837 13.1655 0.0 0.0 1.50
1 11 30 210.6438 10.9821 0.0 0.0 2.37
1 11 31 213.007 11.2519 0.0 0.0 2.07
1 11 32 211.1181 11.3974 0.0 0.0 2.14
1 11 33 214.3733 11.9039 0.0 0.0 2.09
1 11 34 214.0955 13.3842 0.0 0.0 1.88
1 11 35 309.8936 13.8393 0.0 0.0 1.61
1 11 36 311.0836 14.5976 0.0 0.0 1.54
1 11 37 217.9621 13.6320 0.0 0.0 1.88
1 11 38 213.0734 12.5601 0.0 0.0 2.10
1 11 39 221.2073 13.5781 0.0 0.0 1.67
1 11 40 208.7324 11.7030 0.0 0.0 2.08
1 11 41 223.3278 13.3529 0.0 0.0 1.89
1 11 42 217.1755 12.2039 0.0 0.0 1.98
1 11 43 206.9953 11.0195 0.0 0.0 2.07
1 11 44 207.0333 10.8371 0.0 0.0 2.31
1 11 45 206.2954 11.1442 0.0 0.0 2.03
1 11 46 299.8345 12.6715 0.0 0.0 2.46
1 11 47 295.1421 13.0645 0.0 0.0 2.13
1 21 1 215.3958 13.2865 0.0 0.0 1.72
1 21 2 215.3492 12.8108 0.0 0.0 1.88
1 21 3 218.2918 13.5052 0.0 0.0 1.69
1 21 4 215.4271 13.2146 0.0 0.0 2.01
1 21 5 214.6214 13.0520 0.0 0.0 2.39
1 21 6 215.0903 13.0508 0.0 0.0 1.70
1 21 7 212.6196 13.1469 0.0 0.0 1.73
1 21 8 212.6037 13.5572 0.0 0.0 1.69
1 21 9 212.4737 13.3110 0.0 0.0 1.69
1 21 10 214.3173 15.4334 0.0 0.0 1.55
1 21 11 239.9291 14.3858 0.0 0.0 2.30
1 21 12 252.857 14.6307 0.0 0.0 1.75
1 21 13 245.8191 13.8881 0.0 0.0 1.59
1 21 14 214.4288 13.5258 0.0 0.0 1.56
1 21 15 216.4116 15.8496 0.0 0.0 1.62
1 21 16 215.1049 13.3775 0.0 0.0 1.67
1 21 17 236.1532 15.3490 0.0 0.0 1.52
1 21 18 230.2266 14.9893 0.0 0.0 1.23
1 21 19 235.6349 15.6619 0.0 0.0 1.59
1 21 20 203.8004 10.5447 0.0 0.0 2.42
1 21 21 216.208 13.6717 0.0 0.0 1.88
1 21 22 215.3359 13.0271 0.0 0.0 2.22
1 21 23 220.5524 14.1579 0.0 0.0 1.80
1 21 24 219.605 14.2541 0.0 0.0 1.42
1 21 25 218.9497 13.7291 0.0 0.0 1.67
1 21 26 220.8142 14.3724 0.0 0.0 1.82
1 21 27 222.9258 16.1377 0.0 0.0 2.83
1 21 28 219.849 13.4777 0.0 0.0 1.85
1 21 29 305.4334 16.6429 0.0 0.0 1.46
1 21 30 299.4587 16.2947 0.0 0.0 1.66
1 21 31 302.0114 15.8960 0.0 0.0 1.88
1 21 32 216.0542 13.3574 0.0 0.0 1.91
1 21 33 215.9568 12.9100 0.0 0.0 1.74
1 21 34 216.2204 13.1822 0.0 0.0 1.88
1 21 35 223.7185 14.5557 0.0 0.0 1.80
1 21 36 224.2264 14.1849 0.0 0.0 1.87
1 21 37 219.3421 13.0460 0.0 0.0 2.10
1 21 38 214.4916 13.3429 0.0 0.0 1.58
1 21 39 219.7356 13.3687 0.0 0.0 1.95
1 21 40 219.8337 13.5320 0.0 0.0 1.55
1 21 41 221.1117 15.2290 0.0 0.0 1.52
1 21 42 310.9767 16.1808 0.0 0.0 1.84
1 21 43 297.8966 15.5109 0.0 0.0 1.72
1 21 44 303.0702 15.8547 0.0 0.0 1.64
1 21 45 219.9175 14.3241 0.0 0.0 1.48
1 21 46 223.5894 16.2535 0.0 0.0 1.49
1 21 47 220.4958 14.7028 0.0 0.0 1.39
1 21 48 225.3434 14.1830 0.0 0.0 1.40
1 21 49 222.4857 14.1923 0.0 0.0 1.50
1 21 50 222.6022 14.6458 0.0 0.0 1.47
1 21 51 218.1916 14.1272 0.0 0.0 1.68
1 21 52 218.6573 13.9913 0.0 0.0 1.71
1 21 53 217.6131 13.3287 0.0 0.0 2.02
1 21 54 300.1396 17.9835 0.0 0.0 1.27
1 21 55 279.4523 15.9177 0.0 0.0 1.32
1 21 56 290.8811 16.7639 0.0 0.0 1.54
1 22 1 217.8696 15.0737 0.0 0.0 1.53
1 22 2 215.4335 13.1373 0.0 0.0 1.58
1 22 3 217.9268 15.1635 0.0 0.0 1.70
1 22 4 216.9892 14.8274 0.0 0.0 1.72
1 22 5 213.4364 14.4397 0.0 0.0 1.68
1 22 6 216.3146 14.9731 0.0 0.0 1.57
1 22 7 217.145 14.3034 0.0 0.0 1.93
1 22 8 216.8879 15.8327 0.0 0.0 1.48
1 22 9 216.5403 15.5696 0.0 0.0 1.38
1 22 10 233.7142 16.4610 0.0 0.0 1.63
1 22 11 235.7835 16.2091 0.0 0.0 1.73
1 22 12 225.2154 16.3974 0.0 0.0 1.48
1 22 13 219.2071 15.3950 0.0 0.0 1.86
1 22 14 217.0834 15.7854 0.0 0.0 1.76
1 22 15 218.5803 15.7418 0.0 0.0 1.72
1 22 16 226.9734 16.4098 0.0 0.0 1.31
1 22 17 227.4716 16.5414 0.0 0.0 1.66
1 22 18 227.8187 16.8388 0.0 0.0 1.58
1 22 19 226.4915 16.4012 0.0 0.0 1.46
1 22 20 216.8044 13.5264 0.0 0.0 2.04
1 22 21 217.4701 16.0090 0.0 0.0 1.81
1 22 22 218.7059 15.1898 0.0 0.0 1.82
1 22 23 221.8398 16.1365 0.0 0.0 1.31
1 22 24 220.613 15.7774 0.0 0.0 1.41
1 22 25 222.2015 16.5183 0.0 0.0 1.47
1 22 26 222.5712 16.0056 0.0 0.0 1.55
1 22 27 220.9285 15.5416 0.0 0.0 1.79
1 22 28 220.4386 15.2916 0.0 0.0 1.69
1 22 29 292.3472 18.4122 0.0 0.0 1.48
1 22 30 292.3472 0.0000 0.0 0.0 0.00
1 22 31 278.4791 17.0407 0.0 0.0 1.48
1 22 32 216.6936 14.9306 0.0 0.0 2.01
1 22 33 216.5349 15.4282 0.0 0.0 1.67
1 22 34 215.906 14.6731 0.0 0.0 1.68
1 22 35 222.7654 16.1825 0.0 0.0 1.53
1 22 36 223.6757 15.7100 0.0 0.0 1.63
1 22 37 223.2081 15.4106 0.0 0.0 1.66
1 22 38 220.0766 13.2071 0.0 0.0 1.87
1 22 39 220.7128 15.3628 0.0 0.0 1.60
1 22 40 225.4672 17.1065 0.0 0.0 4.62
1 22 41 273.9449 16.7871 0.0 0.0 1.51
1 22 42 291.6119 17.3036 0.0 0.0 1.37
1 22 43 251.7896 17.1704 0.0 0.0 1.62
1 22 44 259.6776 16.6151 0.0 0.0 1.52
1 22 45 224.9078 15.1748 0.0 0.0 1.90
1 22 46 220.0761 14.2697 0.0 0.0 1.84
1 22 47 221.3853 16.0692 0.0 0.0 1.50
1 22 48 221.7841 16.1693 0.0 0.0 1.40
1 22 49 223.7471 16.3721 0.0 0.0 1.34
1 22 50 220.762 16.0248 0.0 0.0 1.50
1 22 51 218.4153 15.4914 0.0 0.0 1.56
1 22 52 219.0518 15.6716 0.0 0.0 1.70
1 22 53 220.5989 14.8699 0.0 0.0 1.84
1 22 54 255.925 16.9956 0.0 0.0 1.35
1 22 55 268.4597 17.2372 0.0 0.0 1.40
1 22 56 248.1096 16.2100 0.0 0.0 1.47
1 31 1 220.3402 15.4863 0.0 0.0 1.51
1 31 2 222.6381 16.9039 0.0 0.0 3.46
1 31 3 221.1538 15.6911 0.0 0.0 1.41
1 31 4 216.1141 14.8880 0.0 0.0 1.46
1 31 5 218.9796 15.6139 0.0 0.0 1.58
1 31 6 219.6467 16.0146 0.0 0.0 1.49
1 31 7 246.8571 17.5693 0.0 0.0 1.98
1 31 8 220.3472 15.8538 0.0 0.0 1.74
1 31 9 243.1 18.8819 0.0 0.0 1.81
1 31 10 220.0932 15.2156 0.0 0.0 1.58
1 31 11 219.839 15.1007 0.0 0.0 1.66
1 31 12 218.511 14.8424 0.0 0.0 1.63
1 31 13 222.8894 17.0354 0.0 0.0 1.73
1 31 14 225.4751 15.5930 0.0 0.0 1.54
1 31 15 219.3331 15.6097 0.0 0.0 1.33
1 31 16 226.0554 17.0299 0.0 0.0 1.46
1 31 17 221.9291 15.6984 0.0 0.0 1.86
1 31 18 219.7255 14.9416 0.0 0.0 1.71
1 31 19 222.9111 17.4318 0.0 0.0 1.98
1 31 20 216.6074 14.4388 0.0 0.0 1.87
1 31 21 217.7345 14.5411 0.0 0.0 2.01
1 31 22 217.6519 14.7740 0.0 0.0 2.17
1 31 23 222.4052 17.0660 0.0 0.0 1.65
1 31 24 221.6666 14.9387 0.0 0.0 1.90
1 31 25 218.1037 14.3676 0.0 0.0 2.02
1 31 26 218.9419 15.2068 0.0 0.0 1.61
1 31 27 218.6304 14.4764 0.0 0.0 1.87
1 31 28 216.5148 14.5678 0.0 0.0 1.77
1 31 29 217.1656 14.8237 0.0 0.0 1.42
1 31 30 223.3907 15.5241 0.0 0.0 1.75
1 31 31 222.299 15.1934 0.0 0.0 1.73
1 31 32 223.8173 15.6449 0.0 0.0 1.93
1 31 33 224.6116 15.1665 0.0 0.0 1.77
1 31 34 222.8671 15.1080 0.0 0.0 2.00
1 31 35 223.5792 15.2249 0.0 0.0 1.42
1 31 36 223.2687 15.7851 0.0 0.0 1.78
1 31 37 222.4294 15.6430 0.0 0.0 1.44
1 31 38 267.434 18.4027 0.0 0.0 1.55
1 31 39 227.2889 16.5249 0.0 0.0 1.80
1 31 40 255.5668 16.3307 0.0 0.0 1.64
1 31 41 228.616 16.9200 0.0 0.0 1.35
1 31 42 222.1358 17.3520 0.0 0.0 1.45
1 31 43 223.7145 16.7624 0.0 0.0 1.48
1 31 44 220.6596 16.3888 0.0 0.0 1.76
1 31 45 220.2954 15.3088 0.0 0.0 1.75
1 31 46 223.1023 15.7285 0.0 0.0 1.55
1 31 47 224.8606 15.5523 0.0 0.0 1.64
1 31 48 224.9063 16.2641 0.0 0.0 1.66
1 31 49 225.183 15.9657 0.0 0.0 1.40
1 31 50 222.4253 15.5356 0.0 0.0 1.56
1 31 51 226.4131 16.6168 0.0 0.0 1.26
1 31 52 224.1849 16.0886 0.0 0.0 1.89
1 31 53 226.8794 18.1999 0.0 0.0 1.37
1 31 54 223.71 16.6383 0.0 0.0 1.53
1 31 55 226.4489 18.0921 0.0 0.0 1.52
1 31 56 244.1923 17.9053 0.0 0.0 1.65
1 31 57 225.0745 16.2673 0.0 0.0 1.83
1 31 58 225.396 15.6555 0.0 0.0 1.74
1 31 59 225.4706 17.4541 0.0 0.0 1.81
1 31 60 221.7875 16.1501 0.0 0.0 1.42
1 31 61 223.7022 15.1625 0.0 0.0 1.82
1 31 62 223.1809 15.5437 0.0 0.0 2.02
1 31 63 216.9451 14.8192 0.0 0.0 2.04
1 31 64 220.4103 14.7744 0.0 0.0 1.89
1 31 65 219.3143 14.7345 0.0 0.0 2.22
1 31 66 221.1145 14.9501 0.0 0.0 1.87
1 31 67 220.4784 14.8294 0.0 0.0 1.74
1 31 68 220.8646 15.7403 0.0 0.0 1.66
1 31 69 222.2875 15.8810 0.0 0.0 1.40
1 31 70 241.3953 16.7679 0.0 0.0 1.77
1 31 71 218.6287 15.3673 0.0 0.0 1.68
1 31 72 234.9068 16.2363 0.0 0.0 1.53
1 32 1 222.4209 17.2785 0.0 0.0 1.32
1 32 2 224.8759 18.2546 0.0 0.0 1.36
1 32 3 221.3048 15.3593 0.0 0.0 1.79
1 32 4 223.9738 17.9797 0.0 0.0 1.69
1 32 5 240.5296 19.4719 0.0 0.0 1.59
1 32 6 236.2587 19.6558 0.0 0.0 1.29
1 32 7 240.0774 20.5203 0.0 0.0 1.51
1 32 8 234.0559 19.6876 0.0 0.0 1.32
1 32 9 223.9639 16.8975 0.0 0.0 1.96
1 32 10 222.7263 16.9626 0.0 0.0 1.82
1 32 11 221.2702 16.4662 0.0 0.0 1.72
1 32 12 222.8268 18.3326 0.0 0.0 1.61
1 32 13 222.8268 0.0000 0.0 0.0 0.00
1 32 14 221.0298 17.2996 0.0 0.0 1.26
1 32 15 224.1328 17.5418 0.0 0.0 1.60
1 32 16 224.4612 18.4757 0.0 0.0 1.45
1 32 17 222.3727 17.3426 0.0 0.0 1.88
1 32 18 224.5719 18.3212 0.0 0.0 1.83
1 32 19 220.0174 16.7205 0.0 0.0 1.73
1 32 20 220.7926 16.2556 0.0 0.0 1.92
1 32 21 221.9209 17.5330 0.0 0.0 2.23
1 32 22 220.3753 17.7562 0.0 0.0 1.59
1 32 23 221.5539 16.8266 0.0 0.0 1.83
1 32 24 221.4658 16.6897 0.0 0.0 1.80
1 32 25 218.311 14.5746 0.0 0.0 1.70
1 32 26 222.1155 16.3797 0.0 0.0 1.68
1 32 27 219.3794 16.3828 0.0 0.0 1.72
1 32 28 221.5457 16.8957 0.0 0.0 1.41
1 32 29 226.4613 17.3488 0.0 0.0 1.93
1 32 30 226.0762 17.1280 0.0 0.0 1.87
1 32 31 226.1699 17.2268 0.0 0.0 1.75
1 32 32 227.2229 17.8877 0.0 0.0 1.65
1 32 33 224.1377 16.4072 0.0 0.0 1.80
1 32 34 224.5892 16.9871 0.0 0.0 1.34
1 32 35 227.7011 17.8936 0.0 0.0 1.68
1 32 36 225.405 17.8413 0.0 0.0 1.56
1 32 37 227.9857 17.9604 0.0 0.0 1.59
1 32 38 227.2913 16.8957 0.0 0.0 1.74
1 32 39 228.754 18.4367 0.0 0.0 1.41
1 32 40 225.6571 17.9609 0.0 0.0 1.49
1 32 41 220.1135 15.4952 0.0 0.0 1.45
1 32 42 225.1382 18.0176 0.0 0.0 1.50
1 32 43 223.2506 17.9606 0.0 0.0 1.63
1 32 44 223.306 17.2853 0.0 0.0 1.38
1 32 45 225.2104 15.4634 0.0 0.0 1.49
1 32 46 227.2314 17.3147 0.0 0.0 1.76
1 32 47 228.4601 17.7716 0.0 0.0 1.36
1 32 48 227.6713 18.0509 0.0 0.0 1.44
1 32 49 226.2392 17.2996 0.0 0.0 1.52
1 32 50 226.7743 17.9519 0.0 0.0 1.39
1 32 51 227.6196 18.1542 0.0 0.0 1.67
1 32 52 226.0342 19.7526 0.0 0.0 1.86
1 32 53 228.5603 18.7284 0.0 0.0 1.34
1 32 54 224.7136 18.0144 0.0 0.0 1.84
1 32 55 226.9359 19.0928 0.0 0.0 1.48
1 32 56 226.8712 18.3928 0.0 0.0 1.53
1 32 57 227.3663 17.9678 0.0 0.0 1.70
1 32 58 227.5117 18.5917 0.0 0.0 1.38
1 32 59 224.2339 15.3240 0.0 0.0 1.73
1 32 60 226.6323 17.8456 0.0 0.0 1.78
1 32 61 221.4825 17.0823 0.0 0.0 1.87
1 32 62 222.8972 16.8429 0.0 0.0 1.57
1 32 63 221.783 16.6930 0.0 0.0 1.87
1 32 64 223.3729 16.9519 0.0 0.0 1.65
1 32 65 222.7923 16.6311 0.0 0.0 1.69
1 32 66 224.4297 17.1985 0.0 0.0 1.61
1 32 67 223.2491 17.0425 0.0 0.0 1.40
1 32 68 223.808 16.9318 0.0 0.0 1.81
1 32 69 220.3861 16.3797 0.0 0.0 1.69
1 32 70 222.83 17.1722 0.0 0.0 1.53
1 32 71 221.7234 17.3062 0.0 0.0 1.76
1 32 72 223.9074 17.3892 0.0 0.0 1.59
1 41 1 225.0274 17.7152 0.0 0.0 1.68
1 41 2 225.6652 17.7056 0.0 0.0 1.81
1 41 3 223.7482 17.4971 0.0 0.0 1.66
1 41 4 224.4378 19.2454 0.0 0.0 1.47
1 41 5 226.0369 18.1458 0.0 0.0 1.50
1 41 6 227.0627 18.7176 0.0 0.0 1.58
1 41 7 227.4754 18.3392 0.0 0.0 1.51
1 41 8 225.8492 18.2146 0.0 0.0 1.59
1 41 9 223.1479 17.7880 0.0 0.0 1.59
1 41 10 227.6526 17.6947 0.0 0.0 1.43
1 41 11 223.2635 17.7771 0.0 0.0 1.52
1 41 12 224.6622 17.6995 0.0 0.0 1.58
1 41 13 224.2791 17.9107 0.0 0.0 1.47
1 41 14 222.2166 17.6565 0.0 0.0 1.75
1 41 15 223.9132 19.0913 0.0 0.0 1.53
1 41 16 222.2233 18.2019 0.0 0.0 1.47
1 41 17 222.0791 17.9798 0.0 0.0 1.74
1 41 18 223.2204 17.7202 0.0 0.0 1.59
1 41 19 222.4768 18.0882 0.0 0.0 1.53
1 41 20 221.5419 17.8520 0.0 0.0 1.42
1 41 21 222.1344 18.4320 0.0 0.0 1.80
1 41 22 223.3744 18.2529 0.0 0.0 1.75
1 41 23 223.2307 19.6838 0.0 0.0 1.58
1 41 24 222.1236 18.1419 0.0 0.0 1.53
1 41 25 221.2829 17.5636 0.0 0.0 1.72
1 41 26 220.6312 17.7593 0.0 0.0 1.58
1 41 27 223.4988 18.2428 0.0 0.0 1.95
1 41 28 225.0703 19.5252 0.0 0.0 1.42
1 41 29 225.1841 18.1483 0.0 0.0 1.50
1 41 30 222.5632 17.5363 0.0 0.0 1.59
1 41 31 221.7687 16.7295 0.0 0.0 1.75
1 41 32 225.068 17.7492 0.0 0.0 1.91
1 41 33 222.7609 17.1177 0.0 0.0 1.86
1 41 34 221.2422 17.4567 0.0 0.0 1.88
1 41 35 221.6488 17.2324 0.0 0.0 2.06
1 41 36 225.8568 18.9440 0.0 0.0 1.55
1 41 37 227.9736 19.2024 0.0 0.0 1.65
1 41 38 227.9522 19.1427 0.0 0.0 1.52
1 41 39 229.3102 18.9738 0.0 0.0 1.56
1 41 40 227.7487 18.5127 0.0 0.0 1.84
1 41 41 226.3459 18.5933 0.0 0.0 1.71
1 41 42 224.9825 17.7490 0.0 0.0 2.08
1 41 43 225.1275 17.7828 0.0 0.0 1.93
1 41 44 225.3915 18.0693 0.0 0.0 1.78
1 41 45 224.4652 18.0750 0.0 0.0 1.83
1 41 46 221.986 17.5947 0.0 0.0 2.26
1 41 47 224.7464 18.9778 0.0 0.0 1.59
1 41 48 223.5562 17.6128 0.0 0.0 2.00
1 41 49 222.4766 17.4822 0.0 0.0 1.82
1 41 50 224.1623 17.6311 0.0 0.0 1.89
1 41 51 224.4837 17.9213 0.0 0.0 1.48
1 41 52 223.7246 18.7954 0.0 0.0 1.48
1 41 53 223.4267 18.2485 0.0 0.0 1.53
1 41 54 224.9711 18.4362 0.0 0.0 1.44
1 41 55 228.3053 17.9813 0.0 0.0 1.68
1 41 56 230.147 18.9672 0.0 0.0 1.58
1 41 57 233.3582 18.8838 0.0 0.0 1.69
1 41 58 230.0877 18.8050 0.0 0.0 1.86
1 41 59 229.1734 19.3058 0.0 0.0 1.56
1 41 60 227.5273 19.0707 0.0 0.0 1.49
1 41 61 227.1342 18.1308 0.0 0.0 1.40
1 41 62 227.1342 0.0000 0.0 0.0 0.00
1 41 63 227.4411 18.6340 0.0 0.0 1.50
1 41 64 226.2463 19.4042 0.0 0.0 1.48
1 41 65 226.1923 18.2996 0.0 0.0 1.67
1 41 66 228.2293 17.5739 0.0 0.0 1.59
1 41 67 229.2362 20.2530 0.0 0.0 1.41
1 41 68 228.2423 18.5469 0.0 0.0 1.44
1 41 69 225.4742 18.6875 0.0 0.0 1.68
1 41 70 227.92 18.4373 0.0 0.0 1.39
1 41 71 227.8593 19.0095 0.0 0.0 1.39
1 41 72 225.6096 17.0177 0.0 0.0 1.61
1 41 73 227.4166 18.2455 0.0 0.0 1.79
1 41 74 223.7223 18.1015 0.0 0.0 1.46
1 41 75 224.2779 18.3298 0.0 0.0 1.45
1 41 76 223.4512 17.2397 0.0 0.0 1.65
1 41 77 224.382 17.4918 0.0 0.0 1.47
1 41 78 224.2681 18.0904 0.0 0.0 1.60
1 41 79 223.9323 17.2874 0.0 0.0 1.85
1 41 80 232.0578 21.8840 0.0 0.0 2.86
1 41 81 224.4568 18.1796 0.0 0.0 1.76
1 41 82 224.0509 17.6330 0.0 0.0 1.75
1 41 83 223.1324 17.8367 0.0 0.0 1.46
1 41 84 224.9002 17.6258 0.0 0.0 1.60
1 41 85 225.5337 17.6744 0.0 0.0 1.59
1 41 86 224.7274 17.5999 0.0 0.0 1.70
1 41 87 226.2605 18.1657 0.0 0.0 1.98
1 42 1 224.7539 19.5929 0.0 0.0 1.61
1 42 2 223.7331 19.3095 0.0 0.0 1.54
1 42 3 223.4296 17.8671 0.0 0.0 1.59
1 42 4 224.5831 19.4011 0.0 0.0 1.34
1 42 5 224.306 19.6753 0.0 0.0 1.34
1 42 6 224.1785 18.9668 0.0 0.0 1.48
1 42 7 224.3292 20.0136 0.0 0.0 1.64
1 42 8 222.0934 18.8698 0.0 0.0 1.30
1 42 9 223.8128 19.8309 0.0 0.0 1.50
1 42 10 222.0678 19.1568 0.0 0.0 1.37
1 42 11 223.0572 17.8116 0.0 0.0 1.58
1 42 12 222.2741 19.3884 0.0 0.0 1.31
1 42 13 224.4157 20.4580 0.0 0.0 1.31
1 42 14 223.4341 19.5649 0.0 0.0 1.50
1 42 15 221.0308 20.1771 0.0 0.0 1.92
1 42 16 222.6217 17.4161 0.0 0.0 1.57
1 42 17 224.9517 19.7430 0.0 0.0 1.60
1 42 18 220.8907 18.7770 0.0 0.0 1.51
1 42 19 223.2436 19.0882 0.0 0.0 1.58
1 42 20 223.0052 18.5993 0.0 0.0 1.57
1 42 21 221.6132 19.3232 0.0 0.0 1.23
1 42 22 221.3161 19.5049 0.0 0.0 1.34
1 42 23 223.1423 19.8064 0.0 0.0 1.47
1 42 24 222.0459 19.2774 0.0 0.0 1.55
1 42 25 225.5418 20.3810 0.0 0.0 1.47
1 42 26 223.2217 20.3680 0.0 0.0 1.62
1 42 27 224.6651 20.4905 0.0 0.0 1.44
1 42 28 223.8204 19.8405 0.0 0.0 1.49
1 42 29 222.6723 18.9359 0.0 0.0 1.50
1 42 30 222.3992 17.8666 0.0 0.0 1.78
1 42 31 222.3681 18.7316 0.0 0.0 1.45
1 42 32 222.8618 18.9519 0.0 0.0 1.36
1 42 33 223.3095 18.8984 0.0 0.0 1.77
1 42 34 223.769 19.6361 0.0 0.0 1.57
1 42 35 233.5418 24.8884 0.0 0.0 4.17
1 42 36 230.8903 21.0253 0.0 0.0 1.43
1 42 37 228.8526 21.1950 0.0 0.0 1.33
1 42 38 229.9594 20.8298 0.0 0.0 1.67
1 42 39 228.3039 19.9830 0.0 0.0 1.42
1 42 40 225.0377 18.0873 0.0 0.0 1.76
1 42 41 225.6223 19.6461 0.0 0.0 1.51
1 42 42 225.4792 20.0568 0.0 0.0 1.46
1 42 43 226.6808 20.1602 0.0 0.0 1.58
1 42 44 225.2681 19.8534 0.0 0.0 1.38
1 42 45 225.4993 19.8778 0.0 0.0 1.33
1 42 46 224.7508 19.3205 0.0 0.0 1.49
1 42 47 225.237 19.6139 0.0 0.0 1.49
1 42 48 222.7212 19.8629 0.0 0.0 1.68
1 42 49 223.8987 19.5471 0.0 0.0 1.46
1 42 50 222.6431 19.3516 0.0 0.0 1.49
1 42 51 223.2242 22.3299 0.0 0.0 1.58
1 42 52 222.5028 19.0962 0.0 0.0 1.50
1 42 53 224.2322 20.0748 0.0 0.0 1.39
1 42 54 223.2212 20.1697 0.0 0.0 1.49
1 42 55 230.6312 18.3336 0.0 0.0 1.61
1 42 56 232.231 20.3195 0.0 0.0 1.37
1 42 57 229.4014 19.4939 0.0 0.0 1.53
1 42 58 230.7871 20.2624 0.0 0.0 1.42
1 42 59 232.3153 19.7181 0.0 0.0 1.51
1 42 60 225.8473 19.5647 0.0 0.0 1.51
1 42 61 226.5163 19.1684 0.0 0.0 1.47
1 42 62 226.184 19.9554 0.0 0.0 1.44
1 42 63 228.3652 20.3883 0.0 0.0 1.38
1 42 64 228.0004 20.3358 0.0 0.0 1.36
1 42 65 228.517 21.8763 0.0 0.0 1.45
1 42 66 227.873 19.5796 0.0 0.0 1.26
1 42 67 227.9082 20.7025 0.0 0.0 1.26
1 42 68 227.0556 19.8039 0.0 0.0 1.45
1 42 69 228.1431 20.8419 0.0 0.0 1.39
1 42 70 224.7075 19.7720 0.0 0.0 1.49
1 42 71 227.8503 18.9588 0.0 0.0 1.64
1 42 72 228.4969 20.3379 0.0 0.0 1.15
1 42 73 226.8093 19.9120 0.0 0.0 1.28
1 42 74 226.8687 20.6113 0.0 0.0 1.23
1 42 75 227.9188 20.4821 0.0 0.0 1.30
1 42 76 225.1662 20.2689 0.0 0.0 1.36
1 42 77 225.465 20.2930 0.0 0.0 1.41
1 42 78 224.5228 19.0230 0.0 0.0 1.41
1 42 79 224.8589 20.4238 0.0 0.0 1.36
1 42 80 226.6974 19.1608 0.0 0.0 1.35
1 42 81 223.562 19.2214 0.0 0.0 1.59
1 42 82 223.918 19.4789 0.0 0.0 1.30
1 42 83 225.2567 19.6717 0.0 0.0 1.27
1 42 84 223.315 19.4904 0.0 0.0 1.63
1 42 85 223.9976 19.8147 0.0 0.0 1.33
1 42 86 224.7712 19.2422 0.0 0.0 1.48
1 42 87 224.2718 19.9242 0.0 0.0 1.76
1 51 1 222.387 21.5301 0.0 0.0 1.12
1 51 2 222.3292 21.5507 0.0 0.0 1.60
1 51 3 222.5827 21.4827 0.0 0.0 1.72
1 51 4 220.1448 20.5369 0.0 0.0 1.64
1 51 5 223.2014 19.9384 0.0 0.0 1.26
1 51 6 221.608 21.2366 0.0 0.0 1.72
1 51 7 220.6649 20.0645 0.0 0.0 1.62
1 51 8 223.4038 20.8126 0.0 0.0 1.42
1 51 9 223.1442 20.6589 0.0 0.0 1.43
1 51 10 222.636 20.5837 0.0 0.0 1.45
1 51 11 220.8513 20.8179 0.0 0.0 1.52
1 51 12 221.2523 20.7261 0.0 0.0 1.71
1 51 13 221.6135 20.5146 0.0 0.0 1.57
1 51 14 219.4197 20.6657 0.0 0.0 1.79
1 51 15 217.9973 19.7215 0.0 0.0 1.62
1 51 16 217.5854 20.0203 0.0 0.0 1.68
1 51 17 220.2074 20.0307 0.0 0.0 1.81
1 51 18 219.5222 20.5758 0.0 0.0 1.67
1 51 19 223.5668 18.7148 0.0 0.0 1.73
1 51 20 223.9011 21.8981 0.0 0.0 1.44
1 51 21 222.2981 20.7950 0.0 0.0 1.64
1 51 22 219.2803 21.4817 0.0 0.0 1.54
1 51 23 219.0895 20.9558 0.0 0.0 1.46
1 51 24 221.1574 21.7737 0.0 0.0 1.48
1 51 25 221.9145 20.9843 0.0 0.0 1.82
1 51 26 217.9872 19.8065 0.0 0.0 1.86
1 51 27 219.7429 19.9551 0.0 0.0 1.71
1 51 28 217.0231 19.2864 0.0 0.0 1.57
1 51 29 219.1947 21.0044 0.0 0.0 1.76
1 51 30 223.0627 21.1206 0.0 0.0 1.66
1 51 31 221.5745 19.6087 0.0 0.0 1.51
1 51 32 221.2921 20.0748 0.0 0.0 1.74
1 51 33 218.9535 19.3097 0.0 0.0 1.62
1 51 34 220.5422 19.9738 0.0 0.0 1.77
1 51 35 219.6392 19.7663 0.0 0.0 1.79
1 51 36 219.7867 20.0365 0.0 0.0 1.55
1 51 37 220.1802 20.4125 0.0 0.0 1.34
1 51 38 221.3407 21.6034 0.0 0.0 1.43
1 51 39 218.7799 20.3626 0.0 0.0 1.62
1 51 40 228.6752 21.0340 0.0 0.0 1.83
1 51 41 228.4565 20.4680 0.0 0.0 1.56
1 51 42 229.2427 21.4265 0.0 0.0 1.54
1 51 43 227.3093 20.8351 0.0 0.0 1.58
1 51 44 228.8732 21.6537 0.0 0.0 1.40
1 51 45 228.4734 22.3841 0.0 0.0 1.48
1 51 46 225.7263 19.8375 0.0 0.0 1.54
1 51 47 222.2904 20.8173 0.0 0.0 1.63
1 51 48 222.3122 20.7950 0.0 0.0 1.50
1 51 49 225.8458 20.7156 0.0 0.0 1.45
1 51 50 223.503 20.9863 0.0 0.0 1.78
1 51 51 222.2896 21.5025 0.0 0.0 1.51
1 51 52 222.7849 20.7584 0.0 0.0 1.52
1 51 53 222.2967 20.6411 0.0 0.0 1.50
1 51 54 223.5653 20.9628 0.0 0.0 1.55
1 51 55 224.8156 22.2867 0.0 0.0 1.47
1 51 56 223.3861 22.3558 0.0 0.0 1.26
1 51 57 222.5883 21.5377 0.0 0.0 1.61
1 51 58 222.1556 22.7355 0.0 0.0 1.55
1 51 59 219.5298 21.1507 0.0 0.0 1.52
1 51 60 221.1967 20.1771 0.0 0.0 1.64
1 51 61 220.5975 20.3645 0.0 0.0 1.83
1 51 62 218.0815 19.6787 0.0 0.0 1.87
1 51 63 231.6964 20.1615 0.0 0.0 1.41
1 51 64 232.247 21.7350 0.0 0.0 1.64
1 51 65 231.3346 21.0930 0.0 0.0 1.53
1 51 66 231.3799 22.8965 0.0 0.0 1.29
1 51 67 233.6791 23.7833 0.0 0.0 1.45
1 51 68 230.8 0.0000 0.0 0.0 40.42
1 51 69 224.8096 22.1014 0.0 0.0 1.41
1 51 70 225.0596 22.8904 0.0 0.0 1.41
1 51 71 224.7374 22.0696 0.0 0.0 1.49
1 51 72 223.0732 20.2440 0.0 0.0 1.52
1 51 73 221.6347 21.2326 0.0 0.0 1.58
1 51 74 226.6161 21.2344 0.0 0.0 1.55
1 51 75 226.3647 20.6891 0.0 0.0 1.43
1 51 76 226.7134 21.8504 0.0 0.0 1.59
1 51 77 224.6332 20.7850 0.0 0.0 1.59
1 51 78 225.9849 21.3816 0.0 0.0 1.46
1 51 79 222.642 20.7842 0.0 0.0 1.74
1 51 80 222.4016 20.5380 0.0 0.0 1.55
1 51 81 226.0546 20.6422 0.0 0.0 1.70
1 51 82 223.028 20.2981 0.0 0.0 1.85
1 51 83 224.3993 21.0040 0.0 0.0 1.52
1 51 84 224.9964 20.3486 0.0 0.0 1.57
1 51 85 225.8351 19.8726 0.0 0.0 1.63
1 51 86 223.7797 20.1211 0.0 0.0 1.52
1 51 87 222.0191 19.6798 0.0 0.0 1.66
1 51 88 222.8423 19.9456 0.0 0.0 1.61
1 51 89 223.6839 20.6273 0.0 0.0 1.53
1 51 90 221.2254 20.1096 0.0 0.0 1.63
1 51 91 221.0281 21.7881 0.0 0.0 1.56
1 51 92 222.5071 20.8226 0.0 0.0 1.65
1 51 93 222.2642 21.1020 0.0 0.0 1.37
1 51 94 222.9016 21.8103 0.0 0.0 1.51
1 51 95 225.0754 21.3199 0.0 0.0 1.41
1 51 96 224.1769 20.7593 0.0 0.0 1.21
1 51 97 222.179 21.2505 0.0 0.0 1.23
1 51 98 223.5087 21.8201 0.0 0.0 1.27
1 51 99 223.2203 22.1631 0.0 0.0 1.37
