79 1 65 1 51 47 0
79 1 66 1 51 44 0
79 1 67 1 51 48 0
79 1 68 1 51 45 0
79 1 69 1 51 49 0
79 1 70 1 51 46 0
79 1 71 1 42 43 0
79 1 72 1 42 40 0
79 1 73 1 41 41 0
79 1 74 1 42 41 0
79 1 75 1 41 42 0
79 1 76 1 42 42 0
79 1 77 1 41 43 0
79 1 78 1 41 39 0
79 1 79 1 32 35 0
79 1 80 1 41 40 0
79 1 81 1 32 36 0
79 1 82 1 32 33 0
79 1 83 1 31 35 0
79 1 84 1 32 34 0
79 1 85 1 31 36 0
79 1 86 1 31 33 0
79 1 87 1 22 28 0
79 1 88 1 31 34 0
79 1 89 1 21 28 0
79 1 90 1 22 26 0
79 1 91 1 21 29 0
79 1 92 1 22 27 0
79 1 93 1 11 23 0
79 1 94 1 21 27 0
79 1 95 1 11 24 0
79 1 96 1 11 22 0
79 1 97 1 51 50 0
79 1 98 1 51 53 0
79 1 99 1 51 51 0
79 1 100 1 51 54 0
79 1 101 1 51 52 0
79 1 102 1 51 55 0
79 1 103 1 42 44 0
79 1 104 1 42 47 0
79 1 105 1 42 45 0
79 1 106 1 42 48 0
79 1 107 1 42 46 0
79 1 108 1 41 46 0
79 1 109 1 41 44 0
79 1 110 1 41 47 0
79 1 111 1 41 45 0
79 1 112 1 41 48 0
79 1 113 1 32 37 0
79 1 114 1 32 39 0
79 1 115 1 32 38 0
79 1 116 1 32 40 0
79 1 117 1 31 37 0
79 1 118 1 31 39 0
79 1 119 1 31 38 0
79 1 120 1 31 40 0
79 1 121 1 22 29 0
79 1 122 1 22 31 0
79 1 123 1 22 30 0
79 1 124 1 21 31 0
79 1 125 1 21 30 0
79 1 126 1 21 32 0
79 1 127 1 11 25 0
79 1 128 1 11 26 0
79 1 1 1 51 35 0
79 1 2 1 51 33 0
79 1 3 1 51 36 0
79 1 4 1 51 34 0
79 1 5 1 51 37 0
79 1 6 1 42 30 0
79 1 7 1 42 33 0
79 1 8 1 42 31 0
79 1 9 1 42 34 0
79 1 10 1 42 32 0
79 1 11 1 41 32 0
79 1 12 1 41 30 0
79 1 13 1 41 33 0
79 1 14 1 41 31 0
79 1 15 1 32 27 0
79 1 16 1 32 25 0
79 1 17 1 32 28 0
79 1 18 1 32 26 0
79 1 19 1 31 27 0
79 1 20 1 31 25 0
79 1 21 1 31 28 0
79 1 22 1 31 26 0
79 1 23 1 22 20 0
79 1 24 1 22 22 0
79 1 25 1 21 22 0
79 1 26 1 22 21 0
79 1 27 1 21 23 0
79 1 28 1 21 20 0
79 1 29 1 11 18 0
79 1 30 1 21 21 0
79 1 31 1 11 19 0
79 1 32 1 11 17 0
79 1 33 1 51 38 0
79 1 34 1 51 41 0
79 1 35 1 51 39 0
79 1 36 1 51 42 0
79 1 37 1 51 40 0
79 1 38 1 51 43 0
79 1 39 1 42 35 0
79 1 40 1 42 38 0
79 1 41 1 42 36 0
79 1 42 1 42 39 0
79 1 43 1 42 37 0
79 1 44 1 41 36 0
79 1 45 1 41 34 0
79 1 46 1 41 37 0
79 1 47 1 41 35 0
79 1 48 1 41 38 0
79 1 49 1 32 29 0
79 1 50 1 32 31 0
79 1 51 1 32 30 0
79 1 52 1 32 32 0
79 1 53 1 31 29 0
79 1 54 1 31 31 0
79 1 55 1 31 30 0
79 1 56 1 31 32 0
79 1 57 1 22 23 0
79 1 58 1 22 25 0
79 1 59 1 22 24 0
79 1 60 1 21 25 0
79 1 61 1 21 24 0
79 1 62 1 21 26 0
79 1 63 1 11 20 0
79 1 64 1 11 21 0
79 1 193 1 51 25 0
79 1 194 1 51 22 0
79 1 195 1 51 26 0
79 1 196 1 51 23 0
79 1 197 1 42 24 0
79 1 198 1 51 24 0
79 1 199 1 41 22 0
79 1 200 1 42 21 0
79 1 201 1 41 23 0
79 1 202 1 42 22 0
79 1 203 1 41 24 0
79 1 204 1 42 23 0
79 1 205 1 32 19 0
79 1 206 1 41 20 0
79 1 207 1 32 20 0
79 1 208 1 41 21 0
79 1 209 1 31 19 0
79 1 210 1 32 17 0
79 1 211 1 31 20 0
79 1 212 1 32 18 0
79 1 213 1 22 16 0
79 1 214 1 31 17 0
79 1 215 1 21 15 0
79 1 216 1 31 18 0
79 1 217 1 21 16 0
79 1 218 1 22 14 0
79 1 219 1 11 12 0
79 1 220 1 22 15 0
79 1 221 1 11 13 0
79 1 222 1 21 14 0
79 1 223 1 11 14 0
79 1 224 1 11 11 0
79 1 225 1 51 27 0
79 1 226 1 51 30 0
79 1 227 1 51 28 0
79 1 228 1 51 31 0
79 1 229 1 51 29 0
79 1 230 1 51 32 0
79 1 231 1 42 25 0
79 1 232 1 42 28 0
79 1 233 1 42 26 0
79 1 234 1 42 29 0
79 1 235 1 42 27 0
79 1 236 1 41 27 0
79 1 237 1 41 25 0
79 1 238 1 41 28 0
79 1 239 1 41 26 0
79 1 240 1 41 29 0
79 1 241 1 32 21 0
79 1 242 1 32 23 0
79 1 243 1 32 22 0
79 1 244 1 32 24 0
79 1 245 1 31 21 0
79 1 246 1 31 23 0
79 1 247 1 31 22 0
79 1 248 1 31 24 0
79 1 249 1 22 17 0
79 1 250 1 22 19 0
79 1 251 1 22 18 0
79 1 252 1 21 19 0
79 1 253 1 21 17 0
79 1 254 1 21 18 0
79 1 255 1 11 15 0
79 1 256 1 11 16 0
79 4 129 1 51 15 0
79 4 130 1 51 12 0
79 4 131 1 51 16 0
79 4 132 1 51 13 0
79 4 133 1 42 14 0
79 4 134 1 51 14 0
79 4 135 1 42 15 0
79 4 136 1 42 11 0
79 4 137 1 41 12 0
79 4 138 1 42 12 0
79 4 139 1 41 13 0
79 4 140 1 42 13 0
79 4 141 1 41 14 0
79 4 142 1 41 10 0
79 4 143 1 32 11 0
79 4 144 1 41 11 0
79 4 145 1 32 12 0
79 4 146 1 32 9 0
79 4 147 1 31 11 0
79 4 148 1 32 10 0
79 4 149 1 31 12 0
79 4 150 1 31 9 0
79 4 151 1 22 9 0
79 4 152 1 31 10 0
79 4 153 1 21 9 0
79 4 154 1 22 7 0
79 4 155 1 21 10 0
79 4 156 1 22 8 0
79 4 157 1 11 7 0
79 4 158 1 21 8 0
79 4 159 1 11 8 0
79 4 160 1 11 6 0
79 4 161 1 51 17 0
79 4 162 1 51 20 0
79 4 163 1 51 18 0
79 4 164 1 51 21 0
79 4 165 1 51 19 0
79 4 166 1 42 19 0
79 4 167 1 42 16 0
79 4 168 1 42 20 0
79 4 169 1 42 17 0
79 4 170 1 41 17 0
79 4 171 1 42 18 0
79 4 172 1 41 18 0
79 4 173 1 41 15 0
79 4 174 1 41 19 0
79 4 175 1 41 16 0
79 4 176 1 32 15 0
79 4 177 1 32 13 0
79 4 178 1 32 16 0
79 4 179 1 32 14 0
79 4 180 1 31 15 0
79 4 181 1 31 13 0
79 4 182 1 31 16 0
79 4 183 1 31 14 0
79 4 184 1 22 12 0
79 4 185 1 22 10 0
79 4 186 1 22 13 0
79 4 187 1 22 11 0
79 4 188 1 21 12 0
79 4 189 1 21 11 0
79 4 190 1 21 13 0
79 4 191 1 11 9 0
79 4 192 1 11 10 0
79 1 321 1 51 3 0
79 1 322 1 51 99 0
79 1 323 1 51 4 0
79 1 324 1 51 1 0
79 1 325 1 51 5 0
79 1 326 1 51 2 0
79 1 327 1 42 4 0
79 1 328 1 42 1 0
79 1 329 1 42 5 0
79 1 330 1 42 2 0
79 1 331 1 41 3 0
79 1 332 1 42 3 0
79 1 333 1 41 4 0
79 1 334 1 41 1 0
79 1 335 1 32 3 0
79 1 336 1 41 2 0
79 1 337 1 32 4 0
79 1 338 1 32 1 0
79 1 339 1 31 3 0
79 1 340 1 32 2 0
79 1 341 1 31 4 0
79 1 342 1 31 1 0
79 1 343 1 22 3 0
79 1 344 1 31 2 0
79 1 345 1 21 3 0
79 1 346 1 22 1 0
79 1 347 1 21 4 0
79 1 348 1 22 2 0
79 1 349 1 11 2 0
79 1 350 1 21 2 0
79 1 351 1 11 3 0
79 1 352 1 11 1 0
79 1 353 1 51 6 0
79 1 354 1 51 9 0
79 1 355 1 51 7 0
79 1 356 1 51 10 0
79 1 357 1 51 8 0
79 1 358 1 51 11 0
79 1 359 1 42 6 0
79 1 360 1 42 9 0
79 1 361 1 42 7 0
79 1 362 1 42 10 0
79 1 363 1 42 8 0
79 1 364 1 41 7 0
79 1 365 1 41 5 0
79 1 366 1 41 8 0
79 1 367 1 41 6 0
79 1 368 1 41 9 0
79 1 369 1 32 5 0
79 1 370 1 32 7 0
79 1 371 1 32 6 0
79 1 372 1 32 8 0
79 1 373 1 31 5 0
79 1 374 1 31 7 0
79 1 375 1 31 6 0
79 1 376 1 31 8 0
79 1 377 1 22 4 0
79 1 378 1 22 6 0
79 1 379 1 22 5 0
79 1 380 1 21 6 0
79 1 381 1 21 5 0
79 1 382 1 21 7 0
79 1 383 1 11 4 0
79 1 384 1 11 5 0
79 4 257 1 51 91 0
79 4 258 1 51 88 0
79 4 259 1 51 92 0
79 4 260 1 51 89 0
79 4 261 1 42 81 0
79 4 262 1 51 90 0
79 4 263 1 42 82 0
79 4 264 1 42 78 0
79 4 265 1 41 80 0
79 4 266 1 42 79 0
79 4 267 1 41 81 0
79 4 268 1 42 80 0
79 4 269 1 41 82 0
79 4 270 1 41 78 0
79 4 271 1 32 67 0
79 4 272 1 41 79 0
79 4 273 1 31 68 0
79 4 274 1 32 65 0
79 4 275 1 31 67 0
79 4 276 1 32 66 0
79 4 277 1 32 68 0
79 4 278 1 31 65 0
79 4 279 1 22 53 0
79 4 280 1 31 66 0
79 4 281 1 21 53 0
79 4 282 1 22 51 0
79 4 283 1 21 54 0
79 4 284 1 22 52 0
79 4 285 1 11 44 0
79 4 286 1 21 52 0
79 4 287 1 11 45 0
79 4 288 1 11 43 0
79 4 289 1 51 93 0
79 4 290 1 51 96 0
79 4 291 1 51 94 0
79 4 292 1 51 97 0
79 4 293 1 51 95 0
79 4 294 1 51 98 0
79 4 295 1 42 83 0
79 4 296 1 42 86 0
79 4 297 1 42 84 0
79 4 298 1 42 87 0
79 4 299 1 42 85 0
79 4 300 1 41 85 0
79 4 301 1 41 83 0
79 4 302 1 41 86 0
79 4 303 1 41 84 0
79 4 304 1 41 87 0
79 4 305 1 32 69 0
79 4 306 1 32 71 0
79 4 307 1 32 70 0
79 4 308 1 32 72 0
79 4 309 1 31 69 0
79 4 310 1 31 71 0
79 4 311 1 31 70 0
79 4 312 1 31 72 0
79 4 313 1 22 54 0
79 4 314 1 22 56 0
79 4 315 1 22 55 0
79 4 316 1 21 56 0
79 4 317 1 21 55 0
79 4 318 1 21 1 0
79 4 319 1 11 46 0
79 4 320 1 11 47 0
79 1 449 1 51 80 0
79 1 450 1 51 77 0
79 1 451 1 51 81 0
79 1 452 1 51 78 0
79 1 453 1 42 71 0
79 1 454 1 51 79 0
79 1 455 1 42 72 0
79 1 456 1 42 69 0
79 1 457 1 41 70 0
79 1 458 1 42 70 0
79 1 459 1 41 71 0
79 1 460 1 41 68 0
79 1 461 1 41 72 0
79 1 462 1 41 69 0
79 1 463 1 32 59 0
79 1 464 1 32 57 0
79 1 465 1 32 60 0
79 1 466 1 32 58 0
79 1 467 1 31 59 0
79 1 468 1 31 57 0
79 1 469 1 31 60 0
79 1 470 1 31 58 0
79 1 471 1 22 47 0
79 1 472 1 22 45 0
79 1 473 1 21 47 0
79 1 474 1 22 46 0
79 1 475 1 21 48 0
79 1 476 1 21 45 0
79 1 477 1 11 39 0
79 1 478 1 21 46 0
79 1 479 1 11 40 0
79 1 480 1 11 38 0
79 1 481 1 51 82 0
79 1 482 1 51 85 0
79 1 483 1 51 83 0
79 1 484 1 51 86 0
79 1 485 1 51 84 0
79 1 486 1 51 87 0
79 1 487 1 42 73 0
79 1 488 1 42 76 0
79 1 489 1 42 74 0
79 1 490 1 42 77 0
79 1 491 1 42 75 0
79 1 492 1 41 75 0
79 1 493 1 41 73 0
79 1 494 1 41 76 0
79 1 495 1 41 74 0
79 1 496 1 41 77 0
79 1 497 1 32 61 0
79 1 498 1 32 63 0
79 1 499 1 32 62 0
79 1 500 1 32 64 0
79 1 501 1 31 61 0
79 1 502 1 31 63 0
79 1 503 1 31 62 0
79 1 504 1 31 64 0
79 1 505 1 22 48 0
79 1 506 1 22 50 0
79 1 507 1 22 49 0
79 1 508 1 21 50 0
79 1 509 1 21 49 0
79 1 510 1 21 51 0
79 1 511 1 11 41 0
79 1 512 1 11 42 0
79 4 385 1 51 70 0
79 4 386 1 51 67 0
79 4 387 1 51 71 0
79 4 388 1 51 68 0
79 4 389 1 42 62 0
79 4 390 1 51 69 0
79 4 391 1 42 63 0
79 4 392 1 42 59 0
79 4 393 1 41 61 0
79 4 394 1 42 60 0
79 4 395 1 41 62 0
79 4 396 1 42 61 0
79 4 397 1 32 51 0
79 4 398 1 41 59 0
79 4 399 1 32 52 0
79 4 400 1 41 60 0
79 4 401 1 31 51 0
79 4 402 1 32 49 0
79 4 403 1 31 52 0
79 4 404 1 32 50 0
79 4 405 1 22 40 0
79 4 406 1 31 49 0
79 4 407 1 21 40 0
79 4 408 1 31 50 0
79 4 409 1 21 41 0
79 4 410 1 22 38 0
79 4 411 1 11 33 0
79 4 412 1 22 39 0
79 4 413 1 11 34 0
79 4 414 1 21 39 0
79 4 415 1 11 35 0
79 4 416 1 11 32 0
79 4 417 1 51 72 0
79 4 418 1 51 75 0
79 4 419 1 51 73 0
79 4 420 1 51 76 0
79 4 421 1 51 74 0
79 4 422 1 42 67 0
79 4 423 1 42 64 0
79 4 424 1 42 68 0
79 4 425 1 42 65 0
79 4 426 1 41 65 0
79 4 427 1 42 66 0
79 4 428 1 41 66 0
79 4 429 1 41 63 0
79 4 430 1 41 67 0
79 4 431 1 41 64 0
79 4 432 1 32 55 0
79 4 433 1 32 53 0
79 4 434 1 32 56 0
79 4 435 1 32 54 0
79 4 436 1 31 55 0
79 4 437 1 31 53 0
79 4 438 1 31 56 0
79 4 439 1 31 54 0
79 4 440 1 22 42 0
79 4 441 1 22 41 0
79 4 442 1 22 44 0
79 4 443 1 22 43 0
79 4 444 1 21 43 0
79 4 445 1 21 42 0
79 4 446 1 21 44 0
79 4 447 1 11 36 0
79 4 448 1 11 37 0
79 4 65 1 51 59 0
79 4 66 1 51 56 0
79 4 67 1 51 60 0
79 4 68 1 51 57 0
79 4 69 1 42 52 0
79 4 70 1 51 58 0
79 4 71 1 42 53 0
79 4 72 1 42 49 0
79 4 73 1 41 51 0
79 4 74 1 42 50 0
79 4 75 1 41 52 0
79 4 76 1 42 51 0
79 4 77 1 41 53 0
79 4 78 1 41 49 0
79 4 79 1 32 43 0
79 4 80 1 41 50 0
79 4 81 1 32 44 0
79 4 82 1 32 41 0
79 4 83 1 31 43 0
79 4 84 1 32 42 0
79 4 85 1 31 44 0
79 4 86 1 31 41 0
79 4 87 1 22 34 0
79 4 88 1 31 42 0
79 4 89 1 21 34 0
79 4 90 1 22 32 0
79 4 91 1 21 35 0
79 4 92 1 22 33 0
79 4 93 1 11 28 0
79 4 94 1 21 33 0
79 4 95 1 11 29 0
79 4 96 1 11 27 0
79 4 97 1 51 61 0
79 4 98 1 51 64 0
79 4 99 1 51 62 0
79 4 100 1 51 65 0
79 4 101 1 51 63 0
79 4 102 1 51 66 0
79 4 103 1 42 54 0
79 4 104 1 42 57 0
79 4 105 1 42 55 0
79 4 106 1 42 58 0
79 4 107 1 42 56 0
79 4 108 1 41 56 0
79 4 109 1 41 54 0
79 4 110 1 41 57 0
79 4 111 1 41 55 0
79 4 112 1 41 58 0
79 4 113 1 32 45 0
79 4 114 1 32 47 0
79 4 115 1 32 46 0
79 4 116 1 32 48 0
79 4 117 1 31 45 0
79 4 118 1 31 47 0
79 4 119 1 31 46 0
79 4 120 1 31 48 0
79 4 121 1 22 35 0
79 4 122 1 22 37 0
79 4 123 1 22 36 0
79 4 124 1 21 37 0
79 4 125 1 21 36 0
79 4 126 1 21 38 0
79 4 127 1 11 30 0
79 4 128 1 11 31 0
